Time 0
Waiting clients: (1,29,5) (2,34,4) (3,26,5) (4,34,1) (5,24,2) (6,33,6) (7,22,6) (8,12,5) (9,25,6) (10,38,4) (11,8,1) (12,3,1) (13,26,5) (14,37,5) (15,25,3) (16,15,4) (17,36,1) (18,30,2) (19,37,3) (20,8,3) (21,20,2) (22,2,4) (23,22,3) (24,37,2) (25,11,5) (26,20,3) (27,12,5) (28,23,5) (29,9,1) (30,16,6) (31,23,4) (32,5,6) (33,8,4) (34,4,3) (35,13,2) (36,7,3) (37,24,3) (38,6,5) (39,4,4) (40,6,6) (41,25,3) (42,36,1) (43,18,4) (44,2,1) (45,29,6) (46,25,5) (47,35,1) (48,16,5) (49,29,1) (50,30,5) 
Queue 1: empty
Queue 2: empty
Queue 3: empty
Queue 4: empty
Queue 5: empty
Time 1
Waiting clients: (1,29,5) (2,34,4) (3,26,5) (4,34,1) (5,24,2) (6,33,6) (7,22,6) (8,12,5) (9,25,6) (10,38,4) (11,8,1) (12,3,1) (13,26,5) (14,37,5) (15,25,3) (16,15,4) (17,36,1) (18,30,2) (19,37,3) (20,8,3) (21,20,2) (22,2,4) (23,22,3) (24,37,2) (25,11,5) (26,20,3) (27,12,5) (28,23,5) (29,9,1) (30,16,6) (31,23,4) (32,5,6) (33,8,4) (34,4,3) (35,13,2) (36,7,3) (37,24,3) (38,6,5) (39,4,4) (40,6,6) (41,25,3) (42,36,1) (43,18,4) (44,2,1) (45,29,6) (46,25,5) (47,35,1) (48,16,5) (49,29,1) (50,30,5) 
Queue 1: empty
Queue 2: empty
Queue 3: empty
Queue 4: empty
Queue 5: empty
Time 2
Waiting clients: (1,29,5) (2,34,4) (3,26,5) (4,34,1) (5,24,2) (6,33,6) (7,22,6) (8,12,5) (9,25,6) (10,38,4) (11,8,1) (12,3,1) (13,26,5) (14,37,5) (15,25,3) (16,15,4) (17,36,1) (18,30,2) (19,37,3) (20,8,3) (21,20,2) (23,22,3) (24,37,2) (25,11,5) (26,20,3) (27,12,5) (28,23,5) (29,9,1) (30,16,6) (31,23,4) (32,5,6) (33,8,4) (34,4,3) (35,13,2) (36,7,3) (37,24,3) (38,6,5) (39,4,4) (40,6,6) (41,25,3) (42,36,1) (43,18,4) (45,29,6) (46,25,5) (47,35,1) (48,16,5) (49,29,1) (50,30,5) 
Queue 1: empty
Queue 2: empty
Queue 3: (44,2,1) 
Queue 4: empty
Queue 5: (22,2,4) 
Time 3
Waiting clients: (1,29,5) (2,34,4) (3,26,5) (4,34,1) (5,24,2) (6,33,6) (7,22,6) (8,12,5) (9,25,6) (10,38,4) (11,8,1) (13,26,5) (14,37,5) (15,25,3) (16,15,4) (17,36,1) (18,30,2) (19,37,3) (20,8,3) (21,20,2) (23,22,3) (24,37,2) (25,11,5) (26,20,3) (27,12,5) (28,23,5) (29,9,1) (30,16,6) (31,23,4) (32,5,6) (33,8,4) (34,4,3) (35,13,2) (36,7,3) (37,24,3) (38,6,5) (39,4,4) (40,6,6) (41,25,3) (42,36,1) (43,18,4) (45,29,6) (46,25,5) (47,35,1) (48,16,5) (49,29,1) (50,30,5) 
Queue 1: (12,3,1) 
Queue 2: empty
Queue 3: empty
Queue 4: empty
Queue 5: (22,2,3) 
Time 4
Waiting clients: (1,29,5) (2,34,4) (3,26,5) (4,34,1) (5,24,2) (6,33,6) (7,22,6) (8,12,5) (9,25,6) (10,38,4) (11,8,1) (13,26,5) (14,37,5) (15,25,3) (16,15,4) (17,36,1) (18,30,2) (19,37,3) (20,8,3) (21,20,2) (23,22,3) (24,37,2) (25,11,5) (26,20,3) (27,12,5) (28,23,5) (29,9,1) (30,16,6) (31,23,4) (32,5,6) (33,8,4) (35,13,2) (36,7,3) (37,24,3) (38,6,5) (40,6,6) (41,25,3) (42,36,1) (43,18,4) (45,29,6) (46,25,5) (47,35,1) (48,16,5) (49,29,1) (50,30,5) 
Queue 1: (34,4,3) 
Queue 2: empty
Queue 3: empty
Queue 4: empty
Queue 5: (22,2,2) (39,4,4) 
Time 5
Waiting clients: (1,29,5) (2,34,4) (3,26,5) (4,34,1) (5,24,2) (6,33,6) (7,22,6) (8,12,5) (9,25,6) (10,38,4) (11,8,1) (13,26,5) (14,37,5) (15,25,3) (16,15,4) (17,36,1) (18,30,2) (19,37,3) (20,8,3) (21,20,2) (23,22,3) (24,37,2) (25,11,5) (26,20,3) (27,12,5) (28,23,5) (29,9,1) (30,16,6) (31,23,4) (33,8,4) (35,13,2) (36,7,3) (37,24,3) (38,6,5) (40,6,6) (41,25,3) (42,36,1) (43,18,4) (45,29,6) (46,25,5) (47,35,1) (48,16,5) (49,29,1) (50,30,5) 
Queue 1: (34,4,2) 
Queue 2: empty
Queue 3: (32,5,6) 
Queue 4: empty
Queue 5: (22,2,1) (39,4,4) 
Time 6
Waiting clients: (1,29,5) (2,34,4) (3,26,5) (4,34,1) (5,24,2) (6,33,6) (7,22,6) (8,12,5) (9,25,6) (10,38,4) (11,8,1) (13,26,5) (14,37,5) (15,25,3) (16,15,4) (17,36,1) (18,30,2) (19,37,3) (20,8,3) (21,20,2) (23,22,3) (24,37,2) (25,11,5) (26,20,3) (27,12,5) (28,23,5) (29,9,1) (30,16,6) (31,23,4) (33,8,4) (35,13,2) (36,7,3) (37,24,3) (41,25,3) (42,36,1) (43,18,4) (45,29,6) (46,25,5) (47,35,1) (48,16,5) (49,29,1) (50,30,5) 
Queue 1: (34,4,1) (38,6,5) (40,6,6) 
Queue 2: empty
Queue 3: (32,5,5) 
Queue 4: empty
Queue 5: (39,4,4) 
Time 7
Waiting clients: (1,29,5) (2,34,4) (3,26,5) (4,34,1) (5,24,2) (6,33,6) (7,22,6) (8,12,5) (9,25,6) (10,38,4) (11,8,1) (13,26,5) (14,37,5) (15,25,3) (16,15,4) (17,36,1) (18,30,2) (19,37,3) (20,8,3) (21,20,2) (23,22,3) (24,37,2) (25,11,5) (26,20,3) (27,12,5) (28,23,5) (29,9,1) (30,16,6) (31,23,4) (33,8,4) (35,13,2) (37,24,3) (41,25,3) (42,36,1) (43,18,4) (45,29,6) (46,25,5) (47,35,1) (48,16,5) (49,29,1) (50,30,5) 
Queue 1: (38,6,5) (40,6,6) 
Queue 2: empty
Queue 3: (32,5,4) 
Queue 4: (36,7,3) 
Queue 5: (39,4,3) 
Time 8
Waiting clients: (1,29,5) (2,34,4) (3,26,5) (4,34,1) (5,24,2) (6,33,6) (7,22,6) (8,12,5) (9,25,6) (10,38,4) (13,26,5) (14,37,5) (15,25,3) (16,15,4) (17,36,1) (18,30,2) (19,37,3) (21,20,2) (23,22,3) (24,37,2) (25,11,5) (26,20,3) (27,12,5) (28,23,5) (29,9,1) (30,16,6) (31,23,4) (35,13,2) (37,24,3) (41,25,3) (42,36,1) (43,18,4) (45,29,6) (46,25,5) (47,35,1) (48,16,5) (49,29,1) (50,30,5) 
Queue 1: (38,6,4) (40,6,6) (11,8,1) (33,8,4) 
Queue 2: empty
Queue 3: (32,5,3) 
Queue 4: (36,7,2) (20,8,3) 
Queue 5: (39,4,2) 
Time 9
Waiting clients: (1,29,5) (2,34,4) (3,26,5) (4,34,1) (5,24,2) (6,33,6) (7,22,6) (8,12,5) (9,25,6) (10,38,4) (13,26,5) (14,37,5) (15,25,3) (16,15,4) (17,36,1) (18,30,2) (19,37,3) (21,20,2) (23,22,3) (24,37,2) (25,11,5) (26,20,3) (27,12,5) (28,23,5) (30,16,6) (31,23,4) (35,13,2) (37,24,3) (41,25,3) (42,36,1) (43,18,4) (45,29,6) (46,25,5) (47,35,1) (48,16,5) (49,29,1) (50,30,5) 
Queue 1: (38,6,3) (40,6,6) (11,8,1) (33,8,4) 
Queue 2: empty
Queue 3: (32,5,2) 
Queue 4: (36,7,1) (20,8,3) 
Queue 5: (39,4,1) (29,9,1) 
Time 10
Waiting clients: (1,29,5) (2,34,4) (3,26,5) (4,34,1) (5,24,2) (6,33,6) (7,22,6) (8,12,5) (9,25,6) (10,38,4) (13,26,5) (14,37,5) (15,25,3) (16,15,4) (17,36,1) (18,30,2) (19,37,3) (21,20,2) (23,22,3) (24,37,2) (25,11,5) (26,20,3) (27,12,5) (28,23,5) (30,16,6) (31,23,4) (35,13,2) (37,24,3) (41,25,3) (42,36,1) (43,18,4) (45,29,6) (46,25,5) (47,35,1) (48,16,5) (49,29,1) (50,30,5) 
Queue 1: (38,6,2) (40,6,6) (11,8,1) (33,8,4) 
Queue 2: empty
Queue 3: (32,5,1) 
Queue 4: (36,7,1) (20,8,3) 
Queue 5: (39,4,1) (29,9,1) 
Time 11
Waiting clients: (1,29,5) (2,34,4) (3,26,5) (4,34,1) (5,24,2) (6,33,6) (7,22,6) (8,12,5) (9,25,6) (10,38,4) (13,26,5) (14,37,5) (15,25,3) (16,15,4) (17,36,1) (18,30,2) (19,37,3) (21,20,2) (23,22,3) (24,37,2) (26,20,3) (27,12,5) (28,23,5) (30,16,6) (31,23,4) (35,13,2) (37,24,3) (41,25,3) (42,36,1) (43,18,4) (45,29,6) (46,25,5) (47,35,1) (48,16,5) (49,29,1) (50,30,5) 
Queue 1: (38,6,1) (40,6,6) (11,8,1) (33,8,4) (25,11,5) 
Queue 2: empty
Queue 3: empty
Queue 4: (20,8,3) 
Queue 5: (29,9,1) 
Time 12
Waiting clients: (1,29,5) (2,34,4) (3,26,5) (4,34,1) (5,24,2) (6,33,6) (7,22,6) (9,25,6) (10,38,4) (13,26,5) (14,37,5) (15,25,3) (16,15,4) (17,36,1) (18,30,2) (19,37,3) (21,20,2) (23,22,3) (24,37,2) (26,20,3) (28,23,5) (30,16,6) (31,23,4) (35,13,2) (37,24,3) (41,25,3) (42,36,1) (43,18,4) (45,29,6) (46,25,5) (47,35,1) (48,16,5) (49,29,1) (50,30,5) 
Queue 1: (40,6,6) (11,8,1) (33,8,4) (25,11,5) 
Queue 2: empty
Queue 3: (27,12,5) 
Queue 4: (20,8,2) (8,12,5) 
Queue 5: empty
Time 13
Waiting clients: (1,29,5) (2,34,4) (3,26,5) (4,34,1) (5,24,2) (6,33,6) (7,22,6) (9,25,6) (10,38,4) (13,26,5) (14,37,5) (15,25,3) (16,15,4) (17,36,1) (18,30,2) (19,37,3) (21,20,2) (23,22,3) (24,37,2) (26,20,3) (28,23,5) (30,16,6) (31,23,4) (37,24,3) (41,25,3) (42,36,1) (43,18,4) (45,29,6) (46,25,5) (47,35,1) (48,16,5) (49,29,1) (50,30,5) 
Queue 1: (40,6,5) (11,8,1) (33,8,4) (25,11,5) 
Queue 2: (35,13,2) 
Queue 3: (27,12,4) 
Queue 4: (20,8,1) (8,12,5) 
Queue 5: empty
Time 14
Waiting clients: (1,29,5) (2,34,4) (3,26,5) (4,34,1) (5,24,2) (6,33,6) (7,22,6) (9,25,6) (10,38,4) (13,26,5) (14,37,5) (15,25,3) (16,15,4) (17,36,1) (18,30,2) (19,37,3) (21,20,2) (23,22,3) (24,37,2) (26,20,3) (28,23,5) (30,16,6) (31,23,4) (37,24,3) (41,25,3) (42,36,1) (43,18,4) (45,29,6) (46,25,5) (47,35,1) (48,16,5) (49,29,1) (50,30,5) 
Queue 1: (40,6,4) (11,8,1) (33,8,4) (25,11,5) 
Queue 2: (35,13,2) 
Queue 3: (27,12,3) 
Queue 4: (8,12,5) 
Queue 5: empty
Time 15
Waiting clients: (1,29,5) (2,34,4) (3,26,5) (4,34,1) (5,24,2) (6,33,6) (7,22,6) (9,25,6) (10,38,4) (13,26,5) (14,37,5) (15,25,3) (17,36,1) (18,30,2) (19,37,3) (21,20,2) (23,22,3) (24,37,2) (26,20,3) (28,23,5) (30,16,6) (31,23,4) (37,24,3) (41,25,3) (42,36,1) (43,18,4) (45,29,6) (46,25,5) (47,35,1) (48,16,5) (49,29,1) (50,30,5) 
Queue 1: (40,6,3) (11,8,1) (33,8,4) (25,11,5) 
Queue 2: (35,13,1) 
Queue 3: (27,12,2) 
Queue 4: (8,12,4) 
Queue 5: (16,15,4) 
Time 16
Waiting clients: (1,29,5) (2,34,4) (3,26,5) (4,34,1) (5,24,2) (6,33,6) (7,22,6) (9,25,6) (10,38,4) (13,26,5) (14,37,5) (15,25,3) (17,36,1) (18,30,2) (19,37,3) (21,20,2) (23,22,3) (24,37,2) (26,20,3) (28,23,5) (31,23,4) (37,24,3) (41,25,3) (42,36,1) (43,18,4) (45,29,6) (46,25,5) (47,35,1) (49,29,1) (50,30,5) 
Queue 1: (40,6,2) (11,8,1) (33,8,4) (25,11,5) 
Queue 2: empty
Queue 3: (27,12,1) 
Queue 4: (8,12,3) (48,16,5) 
Queue 5: (16,15,3) (30,16,6) 
Time 17
Waiting clients: (1,29,5) (2,34,4) (3,26,5) (4,34,1) (5,24,2) (6,33,6) (7,22,6) (9,25,6) (10,38,4) (13,26,5) (14,37,5) (15,25,3) (17,36,1) (18,30,2) (19,37,3) (21,20,2) (23,22,3) (24,37,2) (26,20,3) (28,23,5) (31,23,4) (37,24,3) (41,25,3) (42,36,1) (43,18,4) (45,29,6) (46,25,5) (47,35,1) (49,29,1) (50,30,5) 
Queue 1: (40,6,1) (11,8,1) (33,8,4) (25,11,5) 
Queue 2: empty
Queue 3: empty
Queue 4: (8,12,2) (48,16,5) 
Queue 5: (16,15,2) (30,16,6) 
Time 18
Waiting clients: (1,29,5) (2,34,4) (3,26,5) (4,34,1) (5,24,2) (6,33,6) (7,22,6) (9,25,6) (10,38,4) (13,26,5) (14,37,5) (15,25,3) (17,36,1) (18,30,2) (19,37,3) (21,20,2) (23,22,3) (24,37,2) (26,20,3) (28,23,5) (31,23,4) (37,24,3) (41,25,3) (42,36,1) (45,29,6) (46,25,5) (47,35,1) (49,29,1) (50,30,5) 
Queue 1: (11,8,1) (33,8,4) (25,11,5) 
Queue 2: empty
Queue 3: empty
Queue 4: (8,12,1) (48,16,5) (43,18,4) 
Queue 5: (16,15,1) (30,16,6) 
Time 19
Waiting clients: (1,29,5) (2,34,4) (3,26,5) (4,34,1) (5,24,2) (6,33,6) (7,22,6) (9,25,6) (10,38,4) (13,26,5) (14,37,5) (15,25,3) (17,36,1) (18,30,2) (19,37,3) (21,20,2) (23,22,3) (24,37,2) (26,20,3) (28,23,5) (31,23,4) (37,24,3) (41,25,3) (42,36,1) (45,29,6) (46,25,5) (47,35,1) (49,29,1) (50,30,5) 
Queue 1: (33,8,4) (25,11,5) 
Queue 2: empty
Queue 3: empty
Queue 4: (48,16,5) (43,18,4) 
Queue 5: (30,16,6) 
Time 20
Waiting clients: (1,29,5) (2,34,4) (3,26,5) (4,34,1) (5,24,2) (6,33,6) (7,22,6) (9,25,6) (10,38,4) (13,26,5) (14,37,5) (15,25,3) (17,36,1) (18,30,2) (19,37,3) (23,22,3) (24,37,2) (28,23,5) (31,23,4) (37,24,3) (41,25,3) (42,36,1) (45,29,6) (46,25,5) (47,35,1) (49,29,1) (50,30,5) 
Queue 1: (33,8,4) (25,11,5) 
Queue 2: empty
Queue 3: (21,20,2) 
Queue 4: (48,16,4) (43,18,4) (26,20,3) 
Queue 5: (30,16,5) 
Time 21
Waiting clients: (1,29,5) (2,34,4) (3,26,5) (4,34,1) (5,24,2) (6,33,6) (7,22,6) (9,25,6) (10,38,4) (13,26,5) (14,37,5) (15,25,3) (17,36,1) (18,30,2) (19,37,3) (23,22,3) (24,37,2) (28,23,5) (31,23,4) (37,24,3) (41,25,3) (42,36,1) (45,29,6) (46,25,5) (47,35,1) (49,29,1) (50,30,5) 
Queue 1: (33,8,3) (25,11,5) 
Queue 2: empty
Queue 3: (21,20,1) 
Queue 4: (48,16,3) (43,18,4) (26,20,3) 
Queue 5: (30,16,4) 
Time 22
Waiting clients: (1,29,5) (2,34,4) (3,26,5) (4,34,1) (5,24,2) (6,33,6) (9,25,6) (10,38,4) (13,26,5) (14,37,5) (15,25,3) (17,36,1) (18,30,2) (19,37,3) (24,37,2) (28,23,5) (31,23,4) (37,24,3) (41,25,3) (42,36,1) (45,29,6) (46,25,5) (47,35,1) (49,29,1) (50,30,5) 
Queue 1: (33,8,2) (25,11,5) (23,22,3) 
Queue 2: empty
Queue 3: empty
Queue 4: (48,16,2) (43,18,4) (26,20,3) (7,22,6) 
Queue 5: (30,16,3) 
Time 23
Waiting clients: (1,29,5) (2,34,4) (3,26,5) (4,34,1) (5,24,2) (6,33,6) (9,25,6) (10,38,4) (13,26,5) (14,37,5) (15,25,3) (17,36,1) (18,30,2) (19,37,3) (24,37,2) (37,24,3) (41,25,3) (42,36,1) (45,29,6) (46,25,5) (47,35,1) (49,29,1) (50,30,5) 
Queue 1: (33,8,1) (25,11,5) (23,22,3) 
Queue 2: empty
Queue 3: (28,23,5) (31,23,4) 
Queue 4: (48,16,1) (43,18,4) (26,20,3) (7,22,6) 
Queue 5: (30,16,3) 
Time 24
Waiting clients: (1,29,5) (2,34,4) (3,26,5) (4,34,1) (6,33,6) (9,25,6) (10,38,4) (13,26,5) (14,37,5) (15,25,3) (17,36,1) (18,30,2) (19,37,3) (24,37,2) (41,25,3) (42,36,1) (45,29,6) (46,25,5) (47,35,1) (49,29,1) (50,30,5) 
Queue 1: (25,11,5) (23,22,3) (5,24,2) 
Queue 2: empty
Queue 3: (28,23,4) (31,23,4) 
Queue 4: (43,18,4) (26,20,3) (7,22,6) 
Queue 5: (30,16,2) (37,24,3) 
Time 25
Waiting clients: (1,29,5) (2,34,4) (3,26,5) (4,34,1) (6,33,6) (10,38,4) (13,26,5) (14,37,5) (17,36,1) (18,30,2) (19,37,3) (24,37,2) (42,36,1) (45,29,6) (47,35,1) (49,29,1) (50,30,5) 
Queue 1: (25,11,4) (23,22,3) (5,24,2) (41,25,3) (46,25,5) 
Queue 2: (9,25,6) (15,25,3) 
Queue 3: (28,23,3) (31,23,4) 
Queue 4: (43,18,3) (26,20,3) (7,22,6) 
Queue 5: (30,16,1) (37,24,3) 
Time 26
Waiting clients: (1,29,5) (2,34,4) (4,34,1) (6,33,6) (10,38,4) (14,37,5) (17,36,1) (18,30,2) (19,37,3) (24,37,2) (42,36,1) (45,29,6) (47,35,1) (49,29,1) (50,30,5) 
Queue 1: (25,11,3) (23,22,3) (5,24,2) (41,25,3) (46,25,5) (13,26,5) 
Queue 2: (9,25,5) (15,25,3) (3,26,5) 
Queue 3: (28,23,2) (31,23,4) 
Queue 4: (43,18,2) (26,20,3) (7,22,6) 
Queue 5: (37,24,3) 
Time 27
Waiting clients: (1,29,5) (2,34,4) (4,34,1) (6,33,6) (10,38,4) (14,37,5) (17,36,1) (18,30,2) (19,37,3) (24,37,2) (42,36,1) (45,29,6) (47,35,1) (49,29,1) (50,30,5) 
Queue 1: (25,11,2) (23,22,3) (5,24,2) (41,25,3) (46,25,5) (13,26,5) 
Queue 2: (9,25,4) (15,25,3) (3,26,5) 
Queue 3: (28,23,1) (31,23,4) 
Queue 4: (43,18,1) (26,20,3) (7,22,6) 
Queue 5: (37,24,2) 
Time 28
Waiting clients: (1,29,5) (2,34,4) (4,34,1) (6,33,6) (10,38,4) (14,37,5) (17,36,1) (18,30,2) (19,37,3) (24,37,2) (42,36,1) (45,29,6) (47,35,1) (49,29,1) (50,30,5) 
Queue 1: (25,11,1) (23,22,3) (5,24,2) (41,25,3) (46,25,5) (13,26,5) 
Queue 2: (9,25,3) (15,25,3) (3,26,5) 
Queue 3: (31,23,4) 
Queue 4: (26,20,3) (7,22,6) 
Queue 5: (37,24,1) 
Time 29
Waiting clients: (2,34,4) (4,34,1) (6,33,6) (10,38,4) (14,37,5) (17,36,1) (18,30,2) (19,37,3) (24,37,2) (42,36,1) (47,35,1) (50,30,5) 
Queue 1: (23,22,3) (5,24,2) (41,25,3) (46,25,5) (13,26,5) 
Queue 2: (9,25,2) (15,25,3) (3,26,5) (1,29,5) 
Queue 3: (31,23,3) (49,29,1) 
Queue 4: (26,20,2) (7,22,6) 
Queue 5: (45,29,6) 
Time 30
Waiting clients: (2,34,4) (4,34,1) (6,33,6) (10,38,4) (14,37,5) (17,36,1) (19,37,3) (24,37,2) (42,36,1) (47,35,1) 
Queue 1: (23,22,2) (5,24,2) (41,25,3) (46,25,5) (13,26,5) (50,30,5) 
Queue 2: (9,25,1) (15,25,3) (3,26,5) (1,29,5) (18,30,2) 
Queue 3: (31,23,2) (49,29,1) 
Queue 4: (26,20,1) (7,22,6) 
Queue 5: (45,29,5) 
Time 31
Waiting clients: (2,34,4) (4,34,1) (6,33,6) (10,38,4) (14,37,5) (17,36,1) (19,37,3) (24,37,2) (42,36,1) (47,35,1) 
Queue 1: (23,22,1) (5,24,2) (41,25,3) (46,25,5) (13,26,5) (50,30,5) 
Queue 2: (15,25,3) (3,26,5) (1,29,5) (18,30,2) 
Queue 3: (31,23,1) (49,29,1) 
Queue 4: (7,22,6) 
Queue 5: (45,29,4) 
Time 32
Waiting clients: (2,34,4) (4,34,1) (6,33,6) (10,38,4) (14,37,5) (17,36,1) (19,37,3) (24,37,2) (42,36,1) (47,35,1) 
Queue 1: (5,24,2) (41,25,3) (46,25,5) (13,26,5) (50,30,5) 
Queue 2: (15,25,2) (3,26,5) (1,29,5) (18,30,2) 
Queue 3: (49,29,1) 
Queue 4: (7,22,5) 
Queue 5: (45,29,3) 
Time 33
Waiting clients: (2,34,4) (4,34,1) (10,38,4) (14,37,5) (17,36,1) (19,37,3) (24,37,2) (42,36,1) (47,35,1) 
Queue 1: (5,24,1) (41,25,3) (46,25,5) (13,26,5) (50,30,5) 
Queue 2: (15,25,1) (3,26,5) (1,29,5) (18,30,2) 
Queue 3: empty
Queue 4: (7,22,4) 
Queue 5: (45,29,2) (6,33,6) 
Time 34
Waiting clients: (10,38,4) (14,37,5) (17,36,1) (19,37,3) (24,37,2) (42,36,1) (47,35,1) 
Queue 1: (41,25,3) (46,25,5) (13,26,5) (50,30,5) 
Queue 2: (3,26,5) (1,29,5) (18,30,2) (4,34,1) 
Queue 3: (2,34,4) 
Queue 4: (7,22,3) 
Queue 5: (45,29,1) (6,33,6) 
Time 35
Waiting clients: (10,38,4) (14,37,5) (17,36,1) (19,37,3) (24,37,2) (42,36,1) 
Queue 1: (41,25,2) (46,25,5) (13,26,5) (50,30,5) 
Queue 2: (3,26,4) (1,29,5) (18,30,2) (4,34,1) (47,35,1) 
Queue 3: (2,34,3) 
Queue 4: (7,22,2) 
Queue 5: (6,33,6) 
Time 36
Waiting clients: (10,38,4) (14,37,5) (19,37,3) (24,37,2) 
Queue 1: (41,25,1) (46,25,5) (13,26,5) (50,30,5) (42,36,1) 
Queue 2: (3,26,3) (1,29,5) (18,30,2) (4,34,1) (47,35,1) 
Queue 3: (2,34,2) 
Queue 4: (7,22,1) (17,36,1) 
Queue 5: (6,33,5) 
Time 37
Waiting clients: (10,38,4) 
Queue 1: (46,25,5) (13,26,5) (50,30,5) (42,36,1) (14,37,5) (24,37,2) 
Queue 2: (3,26,2) (1,29,5) (18,30,2) (4,34,1) (47,35,1) (19,37,3) 
Queue 3: (2,34,1) 
Queue 4: (17,36,1) 
Queue 5: (6,33,4) 
Time 38
Waiting clients: 
Queue 1: (46,25,4) (13,26,5) (50,30,5) (42,36,1) (14,37,5) (24,37,2) (10,38,4) 
Queue 2: (3,26,1) (1,29,5) (18,30,2) (4,34,1) (47,35,1) (19,37,3) 
Queue 3: empty
Queue 4: empty
Queue 5: (6,33,3) 
Time 39
Waiting clients: 
Queue 1: (46,25,3) (13,26,5) (50,30,5) (42,36,1) (14,37,5) (24,37,2) (10,38,4) 
Queue 2: (1,29,5) (18,30,2) (4,34,1) (47,35,1) (19,37,3) 
Queue 3: empty
Queue 4: empty
Queue 5: (6,33,2) 
Time 40
Waiting clients: 
Queue 1: (46,25,2) (13,26,5) (50,30,5) (42,36,1) (14,37,5) (24,37,2) (10,38,4) 
Queue 2: (1,29,4) (18,30,2) (4,34,1) (47,35,1) (19,37,3) 
Queue 3: empty
Queue 4: empty
Queue 5: (6,33,2) 
Time 41
Waiting clients: 
Queue 1: (46,25,1) (13,26,5) (50,30,5) (42,36,1) (14,37,5) (24,37,2) (10,38,4) 
Queue 2: (1,29,3) (18,30,2) (4,34,1) (47,35,1) (19,37,3) 
Queue 3: empty
Queue 4: empty
Queue 5: (6,33,1) 
Time 42
Waiting clients: 
Queue 1: (13,26,5) (50,30,5) (42,36,1) (14,37,5) (24,37,2) (10,38,4) 
Queue 2: (1,29,2) (18,30,2) (4,34,1) (47,35,1) (19,37,3) 
Queue 3: empty
Queue 4: empty
Queue 5: empty
Time 43
Waiting clients: 
Queue 1: (13,26,4) (50,30,5) (42,36,1) (14,37,5) (24,37,2) (10,38,4) 
Queue 2: (1,29,1) (18,30,2) (4,34,1) (47,35,1) (19,37,3) 
Queue 3: empty
Queue 4: empty
Queue 5: empty
Time 44
Waiting clients: 
Queue 1: (13,26,3) (50,30,5) (42,36,1) (14,37,5) (24,37,2) (10,38,4) 
Queue 2: (18,30,2) (4,34,1) (47,35,1) (19,37,3) 
Queue 3: empty
Queue 4: empty
Queue 5: empty
Time 45
Waiting clients: 
Queue 1: (13,26,2) (50,30,5) (42,36,1) (14,37,5) (24,37,2) (10,38,4) 
Queue 2: (18,30,1) (4,34,1) (47,35,1) (19,37,3) 
Queue 3: empty
Queue 4: empty
Queue 5: empty
Time 46
Waiting clients: 
Queue 1: (13,26,1) (50,30,5) (42,36,1) (14,37,5) (24,37,2) (10,38,4) 
Queue 2: (4,34,1) (47,35,1) (19,37,3) 
Queue 3: empty
Queue 4: empty
Queue 5: empty
Time 47
Waiting clients: 
Queue 1: (50,30,5) (42,36,1) (14,37,5) (24,37,2) (10,38,4) 
Queue 2: (47,35,1) (19,37,3) 
Queue 3: empty
Queue 4: empty
Queue 5: empty
Time 48
Waiting clients: 
Queue 1: (50,30,4) (42,36,1) (14,37,5) (24,37,2) (10,38,4) 
Queue 2: (19,37,3) 
Queue 3: empty
Queue 4: empty
Queue 5: empty
Time 49
Waiting clients: 
Queue 1: (50,30,3) (42,36,1) (14,37,5) (24,37,2) (10,38,4) 
Queue 2: (19,37,2) 
Queue 3: empty
Queue 4: empty
Queue 5: empty
Time 50
Waiting clients: 
Queue 1: (50,30,2) (42,36,1) (14,37,5) (24,37,2) (10,38,4) 
Queue 2: (19,37,1) 
Queue 3: empty
Queue 4: empty
Queue 5: empty
Time 51
Waiting clients: 
Queue 1: (50,30,1) (42,36,1) (14,37,5) (24,37,2) (10,38,4) 
Queue 2: empty
Queue 3: empty
Queue 4: empty
Queue 5: empty
Time 52
Waiting clients: 
Queue 1: (42,36,1) (14,37,5) (24,37,2) (10,38,4) 
Queue 2: empty
Queue 3: empty
Queue 4: empty
Queue 5: empty
Time 53
Waiting clients: 
Queue 1: (14,37,5) (24,37,2) (10,38,4) 
Queue 2: empty
Queue 3: empty
Queue 4: empty
Queue 5: empty
Time 54
Waiting clients: 
Queue 1: (14,37,4) (24,37,2) (10,38,4) 
Queue 2: empty
Queue 3: empty
Queue 4: empty
Queue 5: empty
Time 55
Waiting clients: 
Queue 1: (14,37,3) (24,37,2) (10,38,4) 
Queue 2: empty
Queue 3: empty
Queue 4: empty
Queue 5: empty
Time 56
Waiting clients: 
Queue 1: (14,37,2) (24,37,2) (10,38,4) 
Queue 2: empty
Queue 3: empty
Queue 4: empty
Queue 5: empty
Time 57
Waiting clients: 
Queue 1: (14,37,1) (24,37,2) (10,38,4) 
Queue 2: empty
Queue 3: empty
Queue 4: empty
Queue 5: empty
Time 58
Waiting clients: 
Queue 1: (24,37,2) (10,38,4) 
Queue 2: empty
Queue 3: empty
Queue 4: empty
Queue 5: empty
Time 59
Waiting clients: 
Queue 1: (24,37,1) (10,38,4) 
Queue 2: empty
Queue 3: empty
Queue 4: empty
Queue 5: empty
Time 60
Waiting clients: 
Queue 1: (10,38,4) 
Queue 2: empty
Queue 3: empty
Queue 4: empty
Queue 5: empty
Average Service Time: 3.6
Average Waiting Time: 5.46
Peak hour: second 27 with 15 clients waiting.
